loss
0.21670486785397672
0.13652444582432507
0.13626646339893342
0.13098016045987607
0.12223358917981386
0.1209938308596611
0.1342376683652401
0.1190061055496335
0.11800305541604757
0.11533143647015094
0.11858125425875186
0.11915528487414122
0.11886287357658148
0.11134560983628035
0.11872474234551192
0.10945244427770376
0.1134106108546257
0.10334253145381808
0.10053736720234156
0.09485818745568395
0.09681701816618443
0.08705900060012936
0.09749444603919982
0.09848492652177811
0.08236691782251
0.08458363538607955
0.08552559807896615
0.08693380821496248
0.09139838211238384
0.08425825798884035
0.07646299414336681
0.07636248448863625
0.07104667358100414
0.0685538185434416
0.07315061325207353
0.06758387928828596
0.06279805173166096
0.05639285307377577
0.06596982973627746
0.06564040229655803
0.0633967550843954
0.06198126534931361
0.05573174051940441
0.06511054649949073
0.06734070712700486
0.057408949667587875
0.06280608247965574
0.05399918033974245
0.05342068902216852
0.05237620271276683
0.055188584066927435
0.04456434661522508
0.047020130567252634
0.04557494917884469
0.04601738680386916
0.05344780648127198
0.048877099216915666
0.05064092987217009
0.04652036330255214
0.04983757431153208
0.05224386516492814
0.03886785512324423
0.04048076156526804
0.041625213274965066
0.03650365632027388
0.03550017404952086
0.03979361808975227
0.03197705299127847
0.03826485567027703
0.03295037582051009
0.030434178957075345
0.03558004514488857
0.03524914533714764
0.030758039439097048
0.033618300865637135
0.03428202405222692
0.04780434913234785
0.04432187221013009
0.035449515292420984
0.03600156791508198
0.03672850692004431
0.030267489296384155
0.028272840027930214
0.024386292984709144
0.03302852259075735
0.027131771917920558
0.02959412307012826
0.02742707639641594
0.027962416472728364
0.030964531302452088
0.03234745299356291
0.026047902676218655
0.031186225651472343
0.03572280303575098
0.0320025401993189
0.04493548192433081
0.030435291253379546
0.028681752395350486
0.028486504244501703
0.030443161035655066
0.030729533701087348
0.02948982473113574
0.025222472003370057
0.021287811309302924
0.020409277767757885
0.024370835343142973
0.029653763265232554
0.02297698371403385
0.026469966938893776
0.02445322270388715
0.027535747483343583
0.024045096885529346
0.025895016634895
0.033269047947833315
0.026623285760870204
0.022300536621769423
0.021879309889045545
0.026708817802136763
0.02270588795596268
0.02215369254554389
0.02234466336085461
0.02374600320443278
0.022277061126951592
0.01751929906225996
0.018956119863432833
0.018526987644727343
0.018121598782017828
0.025685402417875595
0.021080504659330472
0.021349922111694467
0.017894965052546466
0.018926286959031133
0.0217238902101235
0.015470858698390657
0.020781984938366804
0.015870356028026434
0.022530422161798923
0.017634755280887475
0.016107495500473305
0.01706497120037966
0.020839400802360616
0.0209721019443532
0.018607586141879438
0.01771066646462714
0.016829014607501448
0.01489599255284702
0.018128141112320008
0.01784269675365067
0.017517294522185693
0.016100532047712477
0.019504372928349768
0.012092358311347197
0.019497107872739436
0.01824551235389663
0.018425001724826872
0.020719661149778402
0.016664911509142257
0.016652204275596886
0.01954199495674402
0.016738062960794196
0.021647066836740125
0.015048578082933091
0.016884485718328505
0.018332233663240913
0.01585332612747152
0.013177381059140316
0.01086221002653474
0.014200153163728827
0.028956077137991088
0.015614616264865617
0.016403564524516696
0.016451500238108565
0.013812926354366937
0.019999136511069084
0.017628869710752042
0.013283904066192918
0.015969837755910703
0.014759189189426251
0.014419728756547557
0.016856894951706634
0.01703845834486856
0.01218813519430114
0.015999261067081536
0.013944947364216205
0.019493764750004628
0.01485840483022912
0.013286686237770483
0.017934137441479835
0.01691687871039903
0.014921443764251308
0.015170490412092476
0.020342992604637403
0.017223654978442936
0.013545314112488995
0.014700664325755498
0.014958836431324016
0.012343775531335269
0.013165995655290317
0.012278714570056764
